-4897,3080,2133,-58,-15,-78,17,-7,0
395,-997,4914,-30,66,-69,1,-2,-8
-334,-754,-567,-31,15,-34,3,1,4
-1576,-1645,-6102,1,-22,45,4,6,13
935,-3535,7830,-50,62,-135,1,5,-11
4607,-6775,-5049,-46,112,48,-9,10,10
-1981,-3292,2403,86,11,-46,-1,8,-3
3716,6266,-2052,-125,-133,35,-1,-7,3
2164,2592,-1087,-83,8,19,-2,-12,3
5797,-2511,-1129,-135,64,10,-13,5,4
631,513,551,12,-47,-70,-4,2,4
379,471,2441,68,65,-149,-8,-8,3
-860,618,740,182,47,-35,-13,-7,0
2593,6949,1416,-29,-46,-37,-2,-7,0
-5501,4384,-7324,-50,-37,37,10,-4,8
-4038,-3064,-123,-30,3,23,7,4,-1
-3202,3453,7515,-13,46,-100,5,-7,-5
3638,-1715,2499,2,104,-7,-5,-3,-3
1966,698,447,-32,99,-109,-1,-6,5
-1796,2997,-2802,145,-59,-4,-5,-1,4
-7173,3814,-940,150,-22,-53,2,-4,4
-4570,2104,-1282,-16,-94,34,7,2,0
3771,522,-3659,-78,-86,99,-14,6,11
2187,1314,2488,67,-92,-24,-20,2,-12
-63,945,-1094,-55,-81,61,6,3,0
744,3880,-2126,12,-83,46,-2,-2,1
777,-9650,-5096,-6,174,68,-1,7,5
-5823,4936,-6713,-27,-13,83,12,-8,7
-3975,-311,10513,87,61,-65,2,-3,-15
909,-674,-1499,-27,-47,-92,0,4,8
5496,-1367,-7010,-30,-9,41,-8,3,10
-2325,-641,11536,71,37,-181,0,-1,-10
-1995,-5030,-3578,78,0,-12,-1,9,7
-153,-323,-2786,-2,57,38,1,-4,12
-351,-1808,-383,9,16,47,1,9,-3
2727,-350,2695,-86,-8,-124,-7,3,-3
1818,-1583,-2228,-45,89,83,-6,0,4
-1836,-1907,-2597,101,145,56,0,-4,9
-1314,-1529,1255,72,67,-63,0,2,-1
-1882,-5004,-2676,24,15,114,2,8,-2
6533,8493,1878,-10,-37,-58,-11,-13,0
3860,1233,5772,-65,13,-74,-3,-3,-6
-7228,-6720,360,101,67,56,7,8,-4
-3334,-186,3132,17,5,-130,5,0,2
2771,-3948,30,-83,85,-36,0,2,2
4553,-5961,3363,-137,-92,-103,0,16,0
527,4199,-7,37,-111,-83,-5,-6,7
-5246,749,-1019,96,-33,-3,11,0,4
3885,588,5306,-133,-14,-62,-3,-1,-14
-209,4751,-2928,-27,-51,68,3,-13,5
930,661,206,-42,-68,62,-3,3,-10
944,675,-2545,-28,6,176,-5,-7,1
1245,-655,-1327,-87,-19,29,0,9,9
1357,-1831,-662,-20,125,124,-10,1,-10
2134,-3035,1326,-143,151,-93,-1,9,0
-1261,-2279,-480,-13,82,66,14,11,-4
564,-554,-1880,51,35,89,-7,-1,0
5814,2890,199,-78,-63,1,-18,-7,-1
-2292,-1394,4168,0,20,-34,10,4,-15
2412,-1436,-1523,-59,-11,-16,-5,7,8
1782,1378,-158,4,-57,-26,-8,-1,3
-906,-2234,1186,-33,38,-57,7,6,0
2643,3436,-1460,-15,-111,25,-10,-5,4
-1473,-1625,-2615,38,20,124,3,5,0
2202,-2003,-2699,-27,-6,84,-7,9,4
-780,181,-956,-50,0,56,8,-1,-1
-114,-2071,22,26,133,22,-3,14,-4
206,214,172,-61,42,-15,7,-11,0
1051,-696,-1118,-85,78,15,-4,-1,18
-554,-1366,-833,37,90,102,3,9,-3
1656,-726,197,-107,59,-34,-11,3,3
756,129,-1258,-61,-10,128,-3,0,0
-109,1529,992,53,-62,-108,-8,-16,2
1621,497,2406,14,-9,-45,-6,-1,-4
-1754,3497,-3544,-59,-38,11,10,-8,10
6021,972,1656,-97,11,-80,-11,-4,1
-1979,-2153,-519,15,84,20,5,0,0
-3304,3722,406,81,-73,-4,4,-6,-1
1621,1672,631,-25,-56,-26,-3,-1,0
-29,3097,-1769,2,-61,5,0,-5,5
3421,2597,-1769,-58,-106,-164,-6,0,18
2196,-3828,-1069,-87,73,146,0,6,-8
4896,3897,3681,-169,-41,-44,-2,-9,-8
5713,562,-2826,-85,-15,-68,-3,0,7
3100,15070,3765,-38,-107,-97,-2,-14,0
-6416,-3104,-1071,106,59,27,3,1,0
4621,289,-11055,-117,-8,-77,0,0,18
-6026,2941,-642,16,-96,-124,7,1,7
-12188,-4274,840,54,129,98,13,-1,-6
3802,-2441,12696,-16,2,-186,-4,3,-7
4660,-5249,-9456,22,54,-38,-7,4,14
-722,-2012,-3528,20,191,50,0,-7,2
1696,-5444,1620,-42,-61,-42,0,10,0
-3823,-4133,-5338,80,76,162,2,3,0
-2338,-74,2582,69,-30,41,0,2,-7
2414,586,-4249,-109,1,95,2,-1,2
3074,6328,5420,-61,-3,-11,-2,-11,-9
-1294,-753,1379,-39,19,23,7,1,-6
2356,872,-2296,36,-33,-51,-10,0,11
-1994,3247,3379,-63,-11,-5,11,-9,-10
1056,-2953,329,-42,55,0,0,5,-1
4494,-4898,-538,35,81,17,-10,4,0
-1611,3352,-934,50,-16,-39,0,-5,4
-2370,-1829,2795,5,-131,-84,4,11,0
6144,-3347,-1000,-117,0,-156,-4,6,11
-2964,6355,5138,-96,-107,-19,11,-5,-8
897,-4106,-3541,42,40,-113,-4,5,13
-5637,-2687,2762,155,-105,36,1,11,-7
-694,711,-1340,44,-35,-1,0,-1,11
-679,1521,-1550,3,-121,85,5,3,2
-2039,-1469,-1785,46,-12,89,5,8,0
731,2271,-1155,-40,-94,5,0,-2,5
201,-629,-1675,81,9,94,-9,2,-1
-1829,-1739,145,88,75,-60,0,1,5
1491,2701,-1505,-78,-63,-9,0,-7,8
121,2501,3325,-20,-11,-51,1,-11,-11
71,1261,2235,35,-96,-112,-4,3,0
-379,-2759,1685,-121,-21,-74,13,15,-1
2871,-159,-3475,0,38,79,-14,-3,9
-1311,1687,-4311,54,-84,3,-1,2,6
502,2242,-8677,138,-61,-31,-8,0,14
9271,5313,-3090,-99,-49,-11,-8,-5,5
633,-2457,302,-41,52,-2,0,14,-2
2703,2043,842,-123,-64,-54,-7,-9,0
228,-1212,-223,-30,9,65,2,9,-6
678,-2682,-193,-36,83,-33,-1,12,6
1008,18,-1633,-66,-57,15,0,7,12
-282,138,2,-20,-17,-46,5,1,6
-1452,-597,-1168,90,-40,48,1,10,4
-1062,-222,-778,96,95,6,-3,-10,6
401,-352,573,-36,11,-35,1,2,-1
-1328,1419,979,110,-123,-19,-2,3,-7
814,-737,-1,-13,-14,96,-6,9,-13
464,-205,2239,-63,8,-94,4,1,-9
422,1160,-2213,-60,-97,59,4,2,13
499,1944,132,-28,-63,19,-1,-10,-4
333,-1947,894,30,102,-51,-7,5,-2
886,202,530,-47,1,-25,-2,-2,-2
4010,-4434,-3944,78,127,47,-13,1,5
-1663,991,3589,-27,16,-20,5,-3,-6
1933,-993,-2301,-191,0,42,8,2,2
-888,3657,1326,12,-38,-43,1,-5,0
1189,5486,3899,-7,-49,-78,-2,-8,-3
-5476,-9208,985,0,169,144,11,8,-11
-2283,4773,5480,41,-26,-225,2,-8,3
-1012,-2760,-968,-48,73,-17,5,1,3
3708,451,7162,-69,-46,-128,-4,2,-8
-1048,-1579,2551,-55,-66,16,6,8,-7
-1106,335,-3655,52,3,50,-1,-1,5
1794,-1202,144,-48,-19,-66,-1,4,4
634,2336,5944,52,-21,-116,-5,-4,-6
-874,-6567,-3336,59,106,39,-2,8,5
-13141,422,782,167,-45,47,19,2,-5
2244,625,2839,24,-42,-68,-12,1,-6
1215,-2273,-1487,62,74,50,-11,3,2
-87,1129,403,-41,-22,-95,4,-3,7
-1179,-5570,1222,22,154,-35,3,10,-2
-318,1906,3616,113,-114,-17,-9,2,-14
1824,-2567,-3902,-22,121,132,-6,0,5
-3552,-2084,2461,168,65,-28,0,3,-8
-276,310,3217,23,39,-64,-1,-5,-8
-1557,58,67,-15,73,75,8,-7,-7
-4713,704,6,33,-27,0,11,0,0
11251,-3755,6337,-149,23,-41,-21,9,-15
-436,-1298,-735,44,50,-12,-2,0,3
2320,-128,-2243,-62,-22,-35,-2,2,9
-211,2216,333,-41,-60,-111,6,-8,10
282,839,-3730,-34,-78,92,2,3,14
877,6,1353,39,-2,-36,-10,0,-5
2492,-1184,61,-11,14,103,-15,6,-12
265,4035,-1809,-24,-122,51,1,-13,6
-653,1315,-1180,66,-79,50,-3,0,2
-3477,-1435,63,44,-85,-91,3,7,5
-4947,-1995,-9247,122,21,103,1,2,9
1703,1820,2023,-50,-52,159,0,0,-12
7723,3500,5138,-6,80,52,-12,-10,-11
4363,-3920,5208,72,166,-76,-11,-3,-4
-256,-251,-1286,50,-13,85,-4,4,0
-2086,-806,-1316,12,-8,79,16,8,1
1977,562,-3260,47,33,129,-14,-6,3
327,-1648,-2340,35,-35,41,-5,11,7
1707,-3728,930,-55,27,77,-3,15,-12
-1143,852,-1310,-70,-13,42,12,-3,2
1907,-198,-750,-23,-139,56,-7,14,-2
-2493,-418,1610,50,-44,1,7,6,-8
1353,122,-2759,53,62,201,-6,-4,-7
-6800,2509,-2759,124,-175,9,6,6,5
2004,-2327,-5146,0,-35,38,-4,7,8
-2987,-1335,1147,49,-51,-165,3,6,8
4763,1641,-3565,23,-3,35,-11,-3,5
-7451,3067,-62,65,47,2,11,-9,0
3616,-3195,-7161,-4,41,135,-7,4,6
-321,5764,11470,-37,-8,-162,3,-11,-13
-1582,-113,1463,-50,5,-47,13,0,-3
-309,1502,-741,33,-20,9,-2,-6,3
698,-1956,-95,-90,62,-5,5,4,1
857,1180,-511,-45,-60,101,1,1,-6
2079,6770,1361,-11,-86,-52,-5,-13,0
155,-5671,-4333,9,1,167,-1,16,0
2846,4521,2219,54,14,-85,-12,-14,0
1728,-3981,2388,-119,17,57,4,10,-11
103,-406,529,-43,-53,-20,3,5,0
4107,-6945,-914,-35,-4,-5,-9,20,3
-4031,-4449,4000,35,170,-5,9,0,-11
-401,-180,1756,-19,49,-82,4,-4,-1
-781,-750,-68,61,-11,34,-2,5,-3
-2434,656,5917,48,-35,-121,8,0,-19
-876,3392,-1645,26,-129,37,2,-5,5
-629,-1833,-1664,13,126,-2,2,-3,9
169,-1092,198,31,37,30,-4,2,-4
-1484,-997,-657,68,2,-15,1,5,5
-2985,-1263,-296,117,66,6,4,0,1
-1649,1888,-3824,18,-42,122,4,-3,3
1579,976,-932,-104,46,-61,3,-7,8
-2381,-1832,-2984,-14,38,137,9,3,-1
1408,1780,125,-60,26,-36,1,-5,2
-8624,3604,173,171,2,-21,6,-7,1
-10400,-908,2589,111,11,118,13,1,-12
1088,-11292,-3251,82,88,53,-7,16,3
-4624,1988,-8771,79,-63,110,4,0,10
-4112,980,-4499,129,18,26,0,-3,7
-1936,-4236,1309,-5,-17,26,4,9,-4
9609,4722,1551,59,-45,-119,-16,-4,4
4916,7154,10329,46,-31,-116,-9,-8,-8
-3330,-161,-8747,-10,-92,74,5,5,8
-3843,-6944,7688,62,-11,-27,2,10,-9
1325,-7058,-5498,121,31,47,-8,8,5
-8764,-6982,-197,55,-49,44,9,12,-2
-2152,-4094,3261,-2,31,-86,3,4,0
-6218,-1966,-292,-12,14,27,9,2,-1
1074,-3619,203,-126,56,-23,7,12,1
534,-399,-1927,-36,42,-32,1,-2,12
-1796,3581,423,7,-31,-97,8,-14,7
3124,461,533,-71,-43,-50,-8,2,2
134,-3969,3,47,126,8,-5,7,-1
-576,-2699,1453,93,136,-75,-6,0,0
-2156,-959,1853,-59,7,-116,16,4,2
-1596,2531,-47,-3,-73,-63,8,-5,6
1834,41,-4617,-185,-85,92,9,8,13
-4129,-2810,-1738,-20,-60,22,9,9,2
-1681,-3418,6406,-80,157,15,8,-3,-13
-65,-1962,2902,84,29,-90,-5,2,0
847,6982,1318,6,-69,9,-2,-9,-3
1343,1398,5110,40,23,-60,-5,-4,-6
3311,-9498,-4698,-38,83,98,-4,13,3
-8033,7430,-1162,135,-50,70,7,-11,-2
-7249,5670,7254,94,-28,5,8,-9,-14
12111,4518,918,-181,8,-61,-12,-9,2
-933,-968,-4111,-28,143,99,5,-8,5
1617,5707,-1261,0,-163,24,-5,-5,2
667,2632,664,38,-53,-1,-5,-4,-2
-2608,5482,-2536,169,-50,10,-5,-13,7
942,1207,-2486,-38,-35,-57,0,-1,12
4617,-418,64,-55,147,-3,-10,-10,0
192,5632,-1486,-47,-4,137,3,-17,-6
-436,2348,-199,-17,-17,22,2,-4,-1
-3556,-307,-3604,118,56,27,0,-3,6
344,1568,836,50,133,-28,-4,-12,0
2369,-1462,2636,29,-76,67,-7,8,-10
-3916,6593,-3094,-25,43,72,10,-17,2
7844,-6472,7061,-14,60,-34,-16,10,-13
-3586,-337,1061,119,57,-82,0,-3,3
-9616,1748,1811,103,3,17,14,-4,-5
-1351,-1492,-454,153,80,108,-7,-2,-6
-5266,2453,-1684,82,-36,56,6,-3,0
1492,3452,623,-59,-74,90,-2,-11,-12
-1149,3889,2390,120,-117,-43,-6,-9,-8
-1358,2635,1953,-49,-91,20,12,-5,-12
181,2217,-555,50,-89,22,-6,-3,1
-2691,8066,-9333,31,-42,112,3,-12,10
-348,-2395,-4119,11,-14,73,0,5,3
-1569,-646,6507,48,69,-62,0,-3,-8
-216,-85,3504,-27,18,-175,2,-1,4
6846,-1438,2448,-156,76,10,-3,-2,-5
3843,-5530,-2172,-150,132,99,2,2,-2
10278,-1702,5286,-56,101,-110,-15,-3,-3
-2718,16,-1483,4,-50,55,14,5,2
-2984,-934,5756,48,70,-146,11,-2,-16
607,-2986,1766,29,138,4,-6,2,-10
-1103,92,1785,49,-4,-97,1,0,0
-932,-4240,-590,-50,24,-132,10,20,16
2109,-1168,-2617,22,-45,25,-11,9,9
-180,1247,-1042,10,-61,-50,0,0,9
-2364,-475,-1126,26,10,-13,8,1,6
261,-874,2255,-44,-92,-119,3,12,1
-432,806,2486,33,-95,-86,-1,5,-3
619,-2164,4244,3,45,-171,-4,8,-7
-146,275,-445,74,14,23,-7,-3,0
1969,851,-3469,-110,-18,96,0,-3,10
9097,4987,8924,-148,-172,-126,-11,0,-12
745,-1,862,-190,-15,47,11,1,-5
-502,-3307,-327,-102,54,-2,8,4,1
-3257,6930,514,83,-14,-16,2,-15,0
-1256,637,4313,44,-127,33,0,7,-12
194,6582,920,-6,-137,-75,0,-6,3
-2110,1635,-1157,123,-119,32,-3,4,1
940,1185,718,-77,-140,-56,3,7,2
-460,1535,-457,-47,-11,-35,5,-4,4
3665,4435,4268,22,-62,-68,-13,-9,-8
-1710,-865,-4007,-62,7,94,10,2,5
1662,-458,-152,-150,-3,-5,0,7,3
947,499,24,-79,-24,-87,-1,-4,14
-1044,1115,-1043,48,-140,40,8,6,9
-1666,330,812,-29,-15,-121,8,0,7
266,-2358,-2500,-72,-3,-8,5,8,9
-766,-2658,1808,-29,-3,-25,5,9,-4
-2914,-2370,6044,98,60,-114,2,3,-11
-1150,-246,1292,62,109,9,-1,-8,-5
2978,2082,4280,-135,-88,-178,1,0,0
-1870,-7866,-3772,-58,64,145,11,21,1
5314,4073,-1506,-16,-34,58,-14,-9,0
-4345,-1491,-609,-9,-36,37,13,7,-1
1011,3202,-1870,82,-41,-36,-9,-6,8
2311,2110,951,-22,-80,-77,-5,0,3
5496,615,-1974,-50,-9,22,-12,-1,4
2207,-5365,2342,-18,113,126,-5,7,-16
-1433,2461,1809,-13,-80,-56,5,-1,-1
1839,5110,619,13,-11,24,-3,-6,-2
1917,-3236,346,-89,-17,-189,2,5,9
-8028,2458,-1643,126,-3,22,4,-3,1
7104,-2300,307,38,79,32,-11,-1,-2
-1476,-7253,-9911,38,86,114,0,5,7
-2373,-3002,-707,-119,77,38,9,0,-1
-3816,3160,2374,-82,-121,-41,9,2,-1
-7443,-4289,-4997,51,-50,128,7,8,0
12876,2887,-10496,-30,46,89,-15,-6,9
-2057,3785,-2147,110,-28,92,1,-22,4
-1445,-295,-1926,92,-76,25,-1,10,10
2125,3989,-685,-73,-166,-30,-6,-8,8
-2193,980,1474,46,-61,-85,9,0,0
-1251,1795,-640,46,0,27,5,-15,2
-261,1270,1685,44,-53,-40,-3,-4,-9
519,-200,-1300,-48,117,55,2,-13,4
-2301,1075,-685,124,-32,-10,4,-5,7
-471,-1130,2165,-22,35,-128,7,5,-2
-2076,625,-1570,21,-34,-23,15,-1,16
594,2200,1070,-37,-147,-15,0,0,-7
-486,-1835,-1285,67,74,118,-4,6,-4
-2196,475,1550,29,-16,-119,15,-2,2
1329,835,-805,-86,-88,78,0,4,-3
1319,-800,29,-64,97,-35,-9,-4,5
1440,-129,1591,-105,-30,-81,-4,7,-11
-199,1246,161,-46,-107,-71,11,-1,9
1528,-294,425,-77,-15,-53,-10,7,2
417,1829,623,-108,-70,-71,12,-16,2
153,-1163,128,18,118,22,-5,-2,-6
-969,-1405,-1544,120,122,156,-5,1,-3
439,-712,-213,-38,47,113,0,3,-16
902,-591,681,-90,7,-1,0,10,-13
682,-136,-204,-68,0,16,0,3,0
-513,1044,-904,35,-129,20,3,5,12
-1333,364,1116,84,-17,-61,9,-3,-10
797,1004,696,-63,-136,-129,-3,7,10
982,-231,266,-21,26,-86,-14,0,10
-1358,860,807,143,-102,-110,-5,5,7
2828,340,2185,-137,-20,-97,-11,-1,-10
-110,1094,1665,12,-85,-148,0,0,3
-240,2134,-389,43,-95,-60,-3,-10,13
566,-1909,-1377,-19,83,51,-3,9,8
1580,-1714,885,-90,47,-67,-4,12,0
-942,-401,79,48,37,-12,4,-1,1
-55,-3486,6166,-50,71,-69,3,2,-7
1265,-5037,3559,12,33,-160,-3,7,3
-4609,-1671,-6737,88,84,101,3,-2,6
-6358,3972,160,141,-53,28,3,-4,-2
4631,-11274,-9608,-141,120,103,0,13,11
3080,8196,6661,127,-79,-84,-13,-10,-7
-550,-1671,-3173,67,-35,-75,-3,5,10
2346,-1807,-1120,-61,75,115,-1,-1,-5
5012,-6302,182,-35,60,41,-8,9,-3
4485,-691,-1709,-114,-25,54,-2,3,0
-5621,394,3561,116,4,-116,4,-1,0
2811,2099,-1213,68,29,-106,-10,-6,9
1974,-4814,-3786,79,-20,121,-9,11,0
-4040,1262,1825,97,-40,-44,2,0,-1
734,251,-2487,29,-21,84,-5,1,2
1424,918,-2786,35,-2,97,-8,-3,2
3149,-2371,2527,-136,-3,-110,0,9,0
-416,-2026,-2671,-17,78,-40,3,1,13
665,-3797,-5431,32,11,104,-5,13,11
1380,2201,-15254,-93,-60,110,3,0,17
4188,-1759,-476,51,-61,14,-9,6,0
-5856,-2767,-2870,34,41,62,7,2,1
-1446,-3307,3142,-70,56,-105,6,2,1
-1309,-2450,804,8,2,-75,9,18,3
-1093,1494,404,105,-49,-50,-4,-5,3
1651,694,228,-126,-16,29,3,-3,-5
-1117,-1746,-436,64,77,11,1,4,2
-2525,1310,588,67,-80,-36,11,0,0
1011,598,1156,50,-78,5,-13,5,-9
-421,-82,1028,148,92,-4,-14,-10,-7
-1597,-1106,-2028,9,71,0,11,0,15
-1093,2158,92,20,-116,-5,6,-2,0
-2165,-362,-804,104,67,34,4,-5,2
2349,-5192,9459,-89,-63,-66,1,13,-13
-1941,1936,-1332,58,10,-11,0,-4,3
-951,3718,-3939,-57,-78,51,5,-2,4
-1545,-3146,7215,-22,28,19,4,4,-14
393,-1534,6249,-30,27,-97,1,3,-13
2469,446,-1299,-104,-68,80,0,4,-2
-2139,698,1821,138,34,-75,-4,-5,0
153,1130,-603,-20,-59,26,1,1,0
1401,746,-6579,53,-18,150,-9,-1,10
1353,1562,-2211,-20,-52,-7,-3,-1,8
-6759,1790,-2211,193,-74,-32,7,0,10
4591,4572,605,-144,-23,8,-1,-9,-2
-3674,5239,344,-9,-106,-13,9,-5,0
-5182,-938,-758,-17,-58,-5,13,6,2
-849,-1327,-1622,105,-16,87,-5,4,-2
-1110,-1936,4207,-36,65,-39,5,0,-7
920,2907,5599,-31,63,-117,0,-11,-5
-994,-1791,3656,95,15,10,-4,3,-9
9707,1573,-4696,-64,4,43,-18,-4,8
4777,2182,147,16,73,56,-12,-10,-4
-1052,6793,3830,7,-11,-116,2,-15,-1
862,-3908,-752,16,28,42,-3,7,-1
-1199,-441,303,76,53,7,-2,-3,-2
2224,-2184,-1923,-32,59,36,-7,4,5
649,672,-705,109,-33,-44,-13,0,7
670,2877,-3330,42,-182,15,-7,4,13
-1430,-1722,4272,76,-29,-138,-1,10,-6
-2312,2499,-3519,30,-87,112,7,-3,5
-2627,777,-1293,34,-71,72,8,3,-1
-947,0,2718,20,-12,-53,2,1,-7
-4622,2121,-1566,118,-69,151,9,-3,-7
11396,-2268,-2848,-142,-108,14,-11,10,4
601,-2217,739,-17,48,-4,0,1,-1
-6267,-1724,-6299,-25,-89,98,12,8,5
5242,-126,-5211,-31,-136,-4,-7,8,9
-11180,809,535,-3,-41,72,19,1,-5
4562,1846,7063,-46,-54,-120,-5,0,-5
3678,-4206,9647,50,-51,-21,-9,10,-15
4562,3240,-3358,-151,80,134,1,-10,-2
4290,6470,2133,32,-85,60,-9,-6,-7
2210,-3758,1370,-44,17,14,-2,7,-4
2030,-4343,-355,-69,145,25,0,0,-1
-5410,-8438,-4660,148,80,153,2,13,0
3185,-2228,-1840,-92,59,-3,-1,1,4
2930,-1433,5120,-130,79,-49,2,-2,-8
-8530,-3533,3965,66,56,-26,14,4,-7
2000,997,1820,87,-33,-1,-10,0,-4
4280,2572,1010,-20,-8,-5,-8,-5,-2
-1780,4237,-850,151,-17,57,-6,-8,-2
-3325,-1508,-295,156,35,-70,-3,1,5
-3699,-5924,-8935,14,-6,148,4,8,4
-2061,-3584,6704,-8,14,-93,3,4,-4
1312,1154,6089,-70,-110,-133,1,5,-11
-2184,3914,3030,82,-134,12,1,-3,-12
-1494,-1077,914,64,95,-64,0,-4,2
1450,694,-834,-64,54,-72,0,-7,9
1634,1407,3444,60,11,-90,-11,-6,-5
-4944,1683,385,10,-49,31,17,-2,-4
331,924,631,-31,-90,12,1,4,-6
483,2204,-665,36,-34,42,-8,-12,0
35,-1660,-1249,13,63,70,-2,5,1
1498,-1779,2638,12,42,-37,-9,5,-10
-155,1470,-345,-1,-49,0,1,-3,2
377,2952,-1409,41,-97,-14,-6,-6,9
92,-848,947,-4,83,-38,0,-4,-1
1175,786,-2568,29,-43,137,-9,0,0
-364,-1190,92,40,1,-3,-2,6,0
-2131,-2995,681,33,156,-4,8,0,-3
-782,64,2448,2,35,-87,4,-4,-4
-3945,-1229,1519,101,104,4,17,-3,-12
1311,2323,3975,-168,-16,-124,10,-15,-15
-729,763,887,36,-29,-50,1,-2,-1
-1793,-685,1383,94,53,-81,2,-1,-1
197,-114,482,-31,23,45,2,-2,-7
-2482,1026,-1342,60,-57,-49,7,0,12
-3755,-1653,-962,-3,74,-29,20,1,8
-468,-2432,900,44,125,-47,-2,0,0
-905,-494,7,17,-27,-50,3,5,5
1128,-118,1201,-105,80,-70,4,-8,0
1485,205,-227,-99,52,59,1,-7,-5
278,2177,-244,-19,8,51,0,-15,-4
1179,18,2884,-144,117,-124,8,-13,-5
1434,256,-2097,-78,58,106,-1,-8,2
-912,2347,2986,33,-137,-121,2,0,-6
227,35,997,-16,-28,-67,0,3,1
1400,443,-1145,59,-7,68,-16,-2,0
2233,766,-261,-89,-17,-56,-5,-3,8
-2513,-10060,1685,71,108,23,0,10,-4
-8848,3555,5675,90,97,-91,9,-11,-4
-413,-1345,6760,11,-15,22,0,3,-12
-5558,-6840,-5210,32,34,40,7,9,6
-8673,4255,-3215,31,-67,-53,12,-3,8
-2023,510,-3670,-69,22,-4,7,-2,6
-411,-1113,-183,22,0,41,0,6,-3
1736,-1132,2401,-61,-19,-65,-3,8,-6
1869,749,-601,32,-38,63,-13,0,-3
4732,-3525,-2634,-153,39,50,-1,6,3
182,437,-4846,24,-1,71,-2,-1,7
1638,2929,-618,1,-32,152,-4,-5,-9
-6692,-1775,3918,81,165,-97,11,-7,-3
560,-3259,698,-62,-14,-11,3,9,-1
-658,-5135,-30,-33,-5,-14,4,13,1
3118,-816,390,445,-116,59,-34,5,0
-529,2985,-557,-72,419,-81,2,-28,11
798,2673,1932,110,378,272,-7,-26,-18
1443,-2771,684,206,-399,97,-14,26,-1
-2031,-2049,1153,-289,-292,164,24,17,-11
-820,285,-3157,-111,42,-453,8,-6,30
2102,1265,1917,300,178,273,-20,-11,-18
1918,633,1665,277,91,242,-20,-6,-19
559,-1630,-1734,80,-228,-247,-4,14,18
1299,-1365,1970,184,-197,282,-16,12,-20
1046,2051,1176,150,295,169,-8,-18,-14
-1997,1998,1388,-284,283,197,21,-16,-12
-2456,-951,1624,-351,-131,231,23,10,-21
-1767,2746,1416,-252,393,202,15,-26,-13
-2083,145,-2050,-299,24,-294,21,0,22
-1565,317,2236,-221,37,319,15,-2,-17
1576,-1574,114,224,-227,20,-15,16,2
1735,1961,1521,244,281,220,-17,-23,-15
2462,786,-727,351,110,-103,-23,-8,8
2742,45,141,393,9,21,-29,3,2
1072,-1645,2347,156,-234,336,-12,15,-27
-1021,-650,-2860,-144,-92,-411,14,11,24
-2061,-1586,-2214,-292,-233,-320,19,16,27
-217,-899,2271,-32,-129,323,1,8,-19
1437,-2333,340,199,-335,42,-10,19,-4
-2606,-824,-52,-370,-114,-9,26,10,0
903,-2350,-1291,127,-332,-184,-13,23,10
163,-1355,2377,25,-193,340,-5,9,-26
12,-3528,-1308,0,-507,-187,2,38,13
-2644,-1112,-30,-380,-158,-8,29,9,0
-3108,1451,432,-446,209,61,33,-9,-1
519,190,3046,73,34,433,-9,3,-31
-1675,475,2290,-235,66,328,20,-3,-19
-1447,-622,-2256,-208,-89,-324,16,9,21
-630,-1482,1807,-91,-214,258,-4,12,-14
-863,-2402,-1574,-123,-344,-224,5,25,18
2456,-2157,739,352,-308,107,-28,19,-11
-939,-2376,-1630,-132,-339,-232,8,25,15
86,-2922,-413,14,-416,-57,0,30,4
-486,-1304,-1964,-69,-182,-276,8,18,23
2257,1630,-768,317,230,-111,-25,-19,7
409,2277,1535,64,325,219,-3,-19,-18
2423,-15,1199,342,-2,175,-24,-3,-11
631,-3118,-122,93,-445,-12,-6,32,5
594,-876,-2729,84,-123,-396,-4,10,29
2096,364,1694,297,54,239,-22,-3,-16
-1080,2751,362,-151,392,51,13,-25,-3
-2651,436,216,-381,64,30,27,-1,-4
2177,1339,261,320,189,42,-17,-12,-3
-1968,-1040,1425,-282,-142,206,14,11,-14
-2352,1924,-5,-337,276,-1,24,-15,-2
2006,155,-2440,285,23,-350,-21,1,26
2221,297,1788,316,47,249,-15,-2,-21
-3233,67,0,-461,9,-2,32,-1,4
-1337,-1826,-1864,-191,-260,-264,8,17,24
-153,2688,1846,-20,388,265,4,-28,-19
2668,-67,1190,387,-10,167,-27,2,-11
-179,-1182,2632,-31,-167,377,-1,11,-20
-1184,-2166,1370,-171,-309,193,10,15,-12
-327,-668,3384,-46,-95,481,1,11,-33
188,-2644,788,22,-377,115,-5,23,-3
-911,-2392,237,-134,-341,32,4,21,-3
1106,428,2562,160,61,367,-10,-5,-25
-152,178,-3136,-23,29,-451,5,-5,38
-802,2606,-113,-114,372,-16,5,-25,6
-2749,1173,-423,-396,163,-60,29,-9,1
-1481,-3071,440,-207,-439,64,13,25,-1
-670,-588,2510,-94,-87,358,6,8,-24
-1815,1423,1511,-265,204,216,18,-16,-15
-1267,752,-3081,-181,107,-440,3,-7,35
1324,431,-3065,187,60,-433,-13,-2,29
709,-2309,-2124,105,-329,-304,-3,26,24
2511,-629,-2289,362,-90,-329,-28,3,21
-1044,-2218,-2384,-146,-317,-340,14,22,23
1447,-1572,2342,206,-222,338,-18,12,-25
854,2535,1438,128,361,205,-8,-25,-14
1009,-1123,1986,142,-163,283,-9,9,-19
-1257,2186,-1360,-182,312,-193,10,-20,13
-164,3037,-379,-23,432,-59,-1,-33,7
-527,2343,1553,-75,337,221,3,-24,-17
2416,-2445,-750,344,-349,-107,-24,21,6
-1881,-1193,-1921,-271,-171,-276,17,13,14
-2129,-427,2056,-305,-62,294,24,6,-18
1500,2987,109,212,423,17,-17,-31,1
3063,-286,-361,439,-37,-49,-31,5,-1
-2717,1430,-348,-389,198,-51,20,-16,-2
586,-2024,2042,83,-292,291,-3,21,-20
3,2650,511,-1,375,73,0,-26,-4
730,3385,-335,106,482,-44,-8,-31,6
-1593,-1283,-1570,-229,-183,-223,12,12,15
1428,-1898,1111,205,-271,153,-17,19,-17
-873,-1985,2179,-124,-283,310,9,19,-22
-1299,-94,-1955,-185,-20,-286,15,-5,19
2636,1656,626,376,238,89,-26,-20,-1
-1232,1449,2333,-172,209,337,12,-10,-22
-103,2734,-1387,-14,392,-198,-2,-29,11
1590,2146,1748,227,308,246,-13,-23,-16
1807,-2035,-506,259,-287,-71,-26,20,6
134,1016,-2629,19,145,-375,-1,-10,28
3236,788,1159,462,107,170,-32,-8,-13
-2298,-1763,413,-330,-253,54,26,19,0
1806,1742,1337,263,250,184,-20,-17,-9
-744,-2164,-593,-103,-311,-83,14,21,6
-2930,-2414,-42,-423,-338,-4,29,20,-4
-2115,757,-1897,-304,107,-269,18,-7,18
1694,767,2006,242,110,287,-21,-11,-20
-1447,-333,-2888,-206,-47,-411,9,5,27
1345,1515,-2294,194,219,-326,-14,-18,17
-1077,1387,-1713,-153,195,-240,8,-19,18
2535,-2138,-167,356,-306,-23,-27,21,-3
959,1223,2226,136,174,317,-10,-17,-28
848,496,-2720,119,74,-388,-8,-10,27
1862,-799,2358,266,-110,336,-20,9,-24
-1366,917,1768,-192,136,248,14,-11,-11
-280,1978,2077,-40,282,296,2,-19,-20
-2224,-796,-1655,-316,-115,-237,27,7,16
-1908,1082,-1554,-274,154,-219,18,-12,16
-2036,1232,-2620,-289,182,-372,20,-13,29
-1597,898,-2190,-230,124,-314,19,-10,21
1071,-85,-3074,153,-16,-442,-7,2,24
2451,-2394,-295,349,-340,-43,-25,26,1
-277,1348,-2541,-37,193,-367,5,-16,25
371,-2732,-833,49,-389,-121,-9,25,11
-436,-1790,2634,-63,-252,373,2,19,-21
1563,-291,2649,219,-38,378,-12,0,-27
-30,2868,604,1,406,90,0,-28,-2
1599,-1673,-1971,226,-241,-281,-22,16,22
2425,532,-1709,346,80,-244,-23,-6,17
-1576,-1759,-1643,-222,-251,-228,15,22,12
1733,-1895,-1163,251,-270,-168,-12,22,8
2584,-1686,-1103,372,-236,-157,-31,17,7
-1796,-1879,-626,-258,-267,-84,17,18,3
-917,-74,-2954,-133,-9,-423,10,0,29
-902,2569,1275,-128,363,183,9,-26,-9
1135,-2761,292,168,-396,46,-9,31,-4
-67,-1197,2265,-5,-171,321,3,10,-22
-519,2906,904,-74,415,129,6,-27,-5
521,-3241,-791,71,-462,-111,-9,32,6
1967,-157,-2216,277,-24,-319,-19,1,24
1001,2378,985,149,340,144,-10,-17,-11
95,1549,2418,17,221,347,0,-15,-24
2374,-356,1776,338,-57,252,-20,4,-20
-222,-634,-2641,-30,-90,-382,3,8,27
-787,2278,-1677,-111,322,-243,7,-23,18
1106,-85,2410,157,-14,340,-11,0,-29
-1700,1763,-911,-237,251,-130,16,-11,9
-17,-2754,808,-2,-396,114,6,27,-8
2313,-938,1226,325,-134,178,-22,12,-9
1523,-58,2412,217,-8,344,-11,0,-27
-1558,2393,1374,-218,338,197,16,-26,-17
173,3200,-488,24,457,-72,-1,-34,6
906,1755,-1705,129,246,-241,-11,-15,17
-1238,1519,1555,-175,218,221,18,-15,-15
-2602,-176,949,-374,-30,135,29,6,-9
-1383,-2480,1444,-197,-349,204,15,27,-13
1244,-2582,965,173,-367,136,-11,23,-6
2114,430,-1802,301,58,-255,-21,-8,16
1192,3555,635,170,504,85,-16,-33,-5
418,-2817,1980,52,-402,283,-6,35,-15
1017,-2495,797,144,-356,109,-9,21,-5
2737,151,2329,390,20,332,-27,-4,-27
-264,-941,-2859,-33,-140,-410,3,10,26
2161,-84,-1566,307,-12,-215,-24,2,17
-1356,1648,2280,-192,238,323,13,-19,-29
2443,2193,432,351,313,61,-25,-24,-4
776,1709,1868,112,240,268,-4,-15,-18
-2260,2426,606,-322,346,89,18,-30,-5
-834,2606,1134,-121,377,162,11,-24,-10
2483,1473,-609,354,206,-87,-22,-16,8
1422,320,2654,204,45,380,-15,-5,-24
317,796,-2172,47,110,-310,-3,-1,23
616,1924,-2692,85,276,-385,-10,-18,25
-1431,-2385,1738,-208,-340,246,14,28,-20
-1475,2518,665,-209,356,99,18,-24,-9
-2500,-1765,31,-356,-252,-4,25,17,-2
1136,-2540,-696,159,-357,-98,-12,25,1
-1346,-502,2590,-193,-68,375,18,4,-30
-508,2339,569,-75,329,79,1,-23,-8
-139,-2870,-815,-19,-407,-121,1,29,4
2413,1173,1023,345,164,150,-27,-9,-12
2081,-592,-2087,295,-78,-298,-22,5,23
437,-2498,-2143,63,-357,-302,-4,22,23
2394,-1288,2217,338,-180,316,-27,17,-22
840,1499,-2698,121,218,-380,-6,-14,23
-2133,1472,590,-306,212,84,19,-12,-11
1973,2009,-1668,282,290,-237,-18,-21,14
-2997,234,148,-432,37,21,29,-5,-1
-2837,44,817,-409,4,116,31,3,-7
-1751,-2495,-1452,-250,-356,-211,17,23,16
-2239,1629,-771,-312,232,-110,21,-15,5
2827,1259,-1669,398,179,-238,-29,-15,19
808,-1343,-2489,111,-189,-357,-7,14,24
1688,950,-2728,244,135,-387,-16,-8,26
-1211,1566,2041,-172,218,289,13,-18,-18
1897,-1200,-1752,271,-167,-249,-20,12,17
1695,-1921,-1588,242,-274,-224,-17,19,9
1291,1078,-2593,186,149,-375,-12,-7,27
-289,-934,-3191,-34,-136,-452,4,11,31
1673,-910,-1838,241,-131,-260,-9,5,18
-413,3155,-1030,-65,449,-151,5,-31,11
390,-385,-3193,54,-59,-457,-9,3,31
-303,113,3363,-50,16,485,4,0,-36
2143,1388,-1628,304,194,-234,-21,-9,11
-1034,-2396,-1190,-150,-341,-170,4,20,13
20,822,-3088,2,117,-447,0,-8,33
661,2571,1040,92,366,146,-1,-27,-12
202,-2331,2917,28,-333,415,-1,23,-29
-2217,1835,985,-316,258,141,20,-13,-8
760,120,-2464,104,18,-357,-9,-1,24
2922,-542,907,421,-80,134,-25,7,-10
8,142,2713,4,18,387,1,-1,-24
1489,1567,-1722,215,224,-246,-17,-15,13
1693,-651,2613,242,-90,373,-10,3,-30
2894,2144,-236,412,307,-29,-28,-18,5
1967,-1507,-1067,282,-219,-153,-19,12,7
-2873,124,-38,-413,14,2,27,3,-1
-397,-2297,1557,-57,-327,220,1,22,-16
-1008,-2184,-2120,-147,-312,-301,10,19,21
1679,-66,-2056,239,-9,-291,-16,-1,17
965,2346,307,131,332,44,-9,-24,0
77,1877,-2312,13,268,-330,3,-15,22
2623,-745,320,374,-108,46,-26,8,0
3085,-670,-588,438,-95,-87,-30,6,5
2653,1062,-1107,382,151,-160,-26,-10,10
-1272,1152,-2185,-184,164,-315,12,-11,21
797,2821,-1822,113,402,-260,-9,-28,15
1232,-750,2577,176,-106,374,-14,7,-22
709,186,2164,100,24,309,-3,-1,-22
1548,-2293,-2283,218,-323,-322,-16,18,24
306,-2160,2401,41,-310,344,-2,16,-27
-2834,-1166,59,-402,-166,3,28,11,7
1498,2122,-1124,214,306,-159,-15,-20,17
481,-2731,-1559,71,-394,-224,-7,30,15
-130,-1106,2316,-18,-155,330,5,5,-29
1961,-2068,-1182,276,-287,-164,-24,24,5
-1734,283,-1907,-247,42,-272,17,-2,14
-2521,-1789,-751,-366,-258,-103,28,16,8
-1359,-2235,1663,-189,-319,237,12,26,-17
1650,-1700,1311,235,-242,191,-16,17,-14
-1711,1868,-139,-243,262,-23,17,-19,1
979,-485,-2811,139,-69,-401,-10,6,21
1764,1876,1014,250,268,145,-17,-15,-12
-14,2720,-1427,-3,389,-203,3,-22,14
-2525,1008,-525,-365,142,-74,21,-10,9
2719,1094,277,387,161,37,-23,-14,-3
966,-999,2608,135,-142,374,-6,12,-24
-2706,444,-130,-391,64,-15,27,-6,2
-1730,-1086,2191,-245,-150,316,12,11,-16
1305,-1706,-2547,183,-249,-361,-13,13,30
-1500,2267,-1030,-214,326,-148,14,-20,8
1515,2139,1840,214,304,262,-23,-24,-18
2496,1615,1460,356,232,208,-21,-10,-16
-780,2041,-1954,-113,288,-275,8,-20,22
2400,385,1644,342,53,228,-21,-3,-15
-2271,-865,-1795,-324,-125,-256,17,9,16
2499,-630,-1519,357,-92,-214,-28,9,15
-966,-587,1868,-138,-83,266,10,6,-20
1349,288,2449,194,40,346,-10,1,-24
2657,435,1831,379,62,265,-28,-4,-12
1444,-1126,-2182,207,-162,-307,-18,11,20
-2373,-314,1363,-339,-42,191,25,5,-13
75,-1939,2179,10,-277,311,0,22,-25
1624,2294,1994,238,326,285,-16,-21,-13
1279,-2242,-707,188,-321,-101,-7,26,10
2255,245,1754,320,34,245,-21,-2,-20
317,-1219,-2356,42,-171,-332,-7,14,23
-1747,759,2461,-251,112,353,18,-8,-31
-2057,-2516,-20,-294,-360,-4,21,29,0
2355,1468,1925,334,208,276,-21,-14,-18
2511,2375,-204,358,343,-27,-29,-24,2
1430,1861,-1402,206,266,-197,-9,-23,11
-923,-912,2012,-135,-129,284,14,9,-22
-2930,106,-440,-419,18,-61,25,0,1
-1637,1007,-2368,-232,146,-338,17,-12,23
1471,-1771,2166,212,-254,309,-14,24,-17
-3139,714,-851,-445,102,-120,33,-7,5
261,1551,2326,37,221,332,3,-15,-27
-822,306,-2978,-117,40,-423,13,-6,32
1125,2395,-689,160,347,-100,-12,-23,-1
1159,-2240,435,160,-321,65,-9,27,-2
-429,3085,913,-63,438,129,6,-31,-12
2682,759,877,388,109,125,-23,-7,-14
-15,-2695,-1210,-2,-387,-165,1,29,13
1090,3089,1015,151,436,142,-14,-30,-13
-737,1277,-2566,-104,181,-367,7,-12,19
-2285,-55,-2349,-326,-8,-334,22,3,24
-222,-796,2871,-26,-115,411,5,12,-28
-1690,-1307,2358,-242,-187,338,16,15,-28
834,1860,-1397,119,263,-199,-8,-14,15
1010,3084,-314,144,444,-50,-12,-30,5
415,2890,572,62,414,81,-7,-23,-3
-1482,-1956,1315,-213,-278,184,12,22,-16
-1616,-2225,1240,-232,-320,176,16,25,-15
687,2878,776,102,412,111,-9,-30,-4
476,-2651,-199,67,-378,-27,-10,29,1
-480,-2990,874,-68,-428,124,3,23,-7
1050,1566,-1803,152,226,-252,-6,-15,13
2791,-1042,980,398,-151,137,-28,12,-10
1167,2073,1787,165,304,251,-13,-22,-15
-1597,-2517,247,-228,-359,32,16,22,2
1583,-1983,-170,229,-280,-23,-16,23,1
1212,2559,-957,173,363,-136,-15,-25,10
-459,441,2717,-67,63,390,1,-5,-27
38,-3368,-8,4,-482,-3,4,32,2
-2901,872,227,-414,130,32,29,-11,2
124,-2781,-311,15,-396,-46,-1,28,3
-1701,-528,1396,-246,-72,203,17,5,-17
1852,247,-2288,264,34,-327,-19,3,18
-572,-2568,1726,-81,-366,245,5,20,-11
775,-1463,-2078,108,-205,-295,-10,14,20
-1758,2562,549,-252,366,79,26,-23,-6
105,-2818,-117,13,-402,-24,-2,26,-2
-48,-1820,-2071,-9,-257,-293,0,17,19
474,-462,2647,63,-67,382,-3,0,-26
-379,3290,706,-52,470,98,3,-29,-7
-425,-189,-3108,-61,-30,-445,0,6,27
2365,-1151,-1424,340,-167,-203,-23,16,10
873,-264,2678,122,-35,384,-9,4,-25
615,2286,2376,89,322,339,-11,-18,-25
2582,-435,823,375,-61,114,-26,1,-8
-1605,1236,-2402,-224,176,-345,14,-12,25
2233,2010,815,327,289,116,-25,-21,-11
1373,-1179,1853,195,-168,271,-17,4,-15
2520,1407,861,353,200,123,-26,-8,-11
4,-1474,-2539,0,-212,-360,6,10,25
2454,-2073,-753,346,-301,-112,-24,20,1
-1826,261,-2786,-260,42,-396,18,5,28
1991,2655,759,285,384,110,-22,-27,-6
-2293,-1123,2077,-327,-164,295,23,11,-20
-2656,596,525,-370,86,75,26,-9,-5
3137,-1390,-667,445,-201,-98,-33,15,3
1069,-2227,-1636,153,-318,-231,-13,26,16
2557,1394,-1054,367,202,-146,-24,-13,10
-1433,-2301,-1726,-206,-331,-246,12,25,18
175,889,-2793,25,126,-401,-3,-5,28
-856,-57,-3048,-122,-5,-434,10,-6,34
1593,757,-2424,227,107,-345,-17,-2,27
2871,-412,489,411,-59,70,-29,6,-4
-71,-2792,-774,-12,-400,-113,-4,30,3
66,-1105,2946,9,-155,418,0,11,-26
2581,418,-214,371,59,-27,-25,-6,1
1046,-2416,1617,148,-345,231,-10,25,-21
2940,-888,790,421,-124,112,-31,7,-5
-2082,-2010,336,-297,-287,52,24,24,-3
1392,-481,2485,200,-70,353,-12,5,-23
-89,-2266,-2598,-10,-326,-374,-2,22,24
1671,132,2603,243,16,367,-18,-1,-27
1648,-1477,1219,237,-208,172,-14,17,-14
140,594,-3395,18,80,-486,-2,-1,34
487,-2538,1994,70,-361,280,-7,26,-16
1034,2964,-702,149,429,-100,-17,-30,9
-1176,-210,-2668,-168,-26,-380,7,3,25
-1959,2499,-792,-279,361,-111,21,-24,6
2615,-735,318,374,-105,49,-26,4,-3
-838,256,3054,-115,35,435,7,-1,-28
2047,2631,-1009,294,378,-147,-21,-26,10
-758,2227,-1648,-105,321,-234,9,-24,17
1998,-538,2128,285,-77,306,-19,7,-19
944,2952,-1615,132,422,-232,-12,-23,16
3186,-864,383,455,-122,55,-31,10,1
910,2589,1701,130,371,237,-12,-24,-17
-917,1143,2836,-134,160,404,9,-11,-25
-1212,2641,-1226,-174,381,-180,14,-26,9
1453,-1164,-2810,213,-166,-402,-15,11,25
-2641,304,197,-377,43,30,26,-3,-3
1636,-972,2695,234,-136,384,-17,8,-29
-616,-1928,-1790,-88,-280,-254,4,16,18
-2583,-322,1853,-375,-41,265,26,7,-17
-1158,400,3255,-169,58,463,10,-4,-32
-2582,-1724,-1125,-365,-246,-167,18,18,8
-1370,-1921,1685,-190,-274,239,19,18,-16
1684,-1439,-1785,240,-204,-249,-14,11,16
2656,-1345,2007,380,-200,290,-31,19,-21
-883,1422,-2228,-125,202,-315,7,-14,21
-390,-2843,149,-55,-405,21,11,24,-3
410,363,-2904,55,51,-410,-7,-4,24
-557,1446,-2661,-77,205,-382,6,-10,21
-34,2514,-2518,-4,360,-355,-2,-26,30
-1113,143,2506,-159,24,358,14,-2,-22
400,3279,-63,56,468,-9,-8,-26,-3
-2909,721,520,-410,109,71,29,-4,-2
-1394,-2338,542,-199,-335,77,13,23,-7
945,-2988,225,135,-429,33,-8,29,0
2833,572,-1112,405,81,-160,-23,-5,14
-2610,-369,1411,-375,-53,199,29,0,-12
-2225,-1848,1206,-319,-267,165,22,17,-12
-1239,1072,2175,-180,153,309,12,-13,-21
812,-2508,-1077,118,-358,-154,-8,24,10
3420,-1153,-560,492,-165,-84,-29,14,2
-2469,-255,-1455,-350,-40,-205,20,5,19
1290,274,2586,184,36,369,-12,-6,-32
-1858,851,-2087,-266,119,-299,12,-5,20
-1977,116,-2274,-282,11,-318,21,-2,20
-915,949,2458,-131,136,348,9,-10,-25
1493,1715,-1606,217,244,-226,-13,-17,13
2617,543,-1430,376,73,-207,-26,-6,19
1969,1538,-750,280,221,-108,-14,-16,7
-1123,1194,2138,-160,172,306,11,-9,-18
2945,390,249,420,55,32,-29,-1,-3
377,1216,-2501,54,172,-363,-4,-19,21
1847,812,-1824,263,113,-261,-18,-3,12
1533,-834,-1747,219,-119,-250,-12,8,19
-675,2798,796,-101,396,113,3,-26,-4
1730,2258,1743,248,323,251,-15,-24,-12
521,-1877,-1592,74,-272,-225,-4,17,15
2583,1625,-117,371,233,-16,-24,-12,0
-2699,307,1356,-384,43,193,22,1,-11
-2306,2165,-364,-329,311,-56,25,-16,6
2209,2442,82,317,351,11,-16,-24,-2
276,-318,2570,37,-44,362,3,1,-19
2982,-282,-296,424,-40,-42,-28,5,7
1772,1950,-1721,247,278,-244,-20,-21,14
2129,-175,1400,303,-20,196,-21,-2,-14
186,2453,-1674,29,351,-238,-9,-25,15
2231,571,1622,312,84,231,-23,-5,-16
-2371,-2127,757,-334,-301,106,19,24,-7
-1757,2358,224,-251,338,33,17,-22,-2
1788,-1311,-1264,256,-186,-184,-17,9,8
-874,1192,1955,-126,166,277,8,-13,-24
2119,2071,-1057,308,295,-150,-15,-20,5
2442,-846,909,345,-120,127,-21,7,-11
-1287,2800,251,-183,401,35,17,-26,-2
-1171,-1879,1940,-165,-272,274,4,18,-18
-2317,1764,-1298,-330,253,-187,25,-15,11
-695,-1659,-2247,-93,-236,-318,3,15,16
-462,2427,-2019,-66,345,-288,5,-30,20
711,1356,-2304,102,191,-329,-9,-12,25
2662,-778,2016,373,-108,286,-25,7,-18
-1185,2419,-1490,-165,346,-209,12,-23,19
-1783,2686,589,-257,387,84,17,-28,-4
-2534,-1219,-725,-362,-174,-106,22,9,9
2833,-370,1020,401,-56,147,-24,2,-14
-1624,-1003,-2683,-226,-146,-389,14,5,26
-2188,1573,-2405,-316,220,-339,18,-11,22
883,-2006,-1804,126,-289,-263,-6,23,20
2642,595,117,377,83,20,-28,-5,-1
764,2020,-1931,109,289,-274,-7,-16,19
-1959,1734,-475,-282,244,-70,15,-17,3
-686,-2341,-2353,-96,-335,-340,7,24,21
-347,2484,-572,-50,359,-81,5,-26,5
2099,-671,1401,297,-99,199,-21,5,-14
-668,2550,-1243,-96,360,-178,6,-27,18
-1441,-339,2641,-205,-48,385,9,0,-20
1230,-1835,-2016,171,-267,-285,-13,16,22
-674,3025,453,-98,431,64,2,-26,-5
2496,210,-2142,355,30,-306,-26,-3,17
3067,-27,783,435,-2,116,-33,0,-3
1751,1337,-1343,247,192,-193,-16,-13,15
594,3158,832,88,453,118,0,-32,-8
1770,381,1794,253,54,254,-14,1,-13
-1760,-2288,1227,-249,-327,173,21,25,-9
-1301,-1970,-805,-184,-284,-116,13,22,8
1965,-1988,746,280,-279,108,-19,18,-3
172,-1240,-2404,24,-176,-343,-4,13,22
1981,1248,-2082,284,178,-297,-21,-11,20
-2484,-2137,-1164,-354,-302,-165,24,22,5
-310,2914,-1973,-41,416,-281,3,-25,18
-1210,923,-2264,-178,138,-324,10,-8,21
1188,2996,195,169,432,28,-9,-32,1
-1087,1730,-2551,-161,248,-361,10,-21,31
2183,1557,-1449,309,224,-206,-22,-12,12
2086,1300,515,303,181,73,-19,-13,-5
252,1268,-2407,37,178,-342,-7,-12,24
-263,-1199,-3113,-38,-169,-447,3,13,33
867,-653,-2057,123,-91,-293,-8,5,15
1044,2619,-238,146,374,-34,-9,-30,9
1931,1349,-2117,273,196,-299,-20,-16,16
-693,2682,-168,-102,383,-18,6,-22,1
-504,-1532,2732,-73,-222,386,4,18,-22
-612,2958,1440,-87,422,205,6,-24,-14
-2331,1522,678,-333,216,94,20,-18,-11
748,-844,-2713,106,-119,-384,-2,8,23
1827,1914,1051,261,270,151,-18,-17,-14
1698,2171,-545,240,312,-79,-16,-22,5
2769,-721,1725,392,-107,239,-27,3,-21
1266,-1089,2287,180,-148,327,-12,6,-17
-2372,1283,-2365,-338,182,-335,25,-14,24
-2625,-1100,528,-377,-162,69,24,7,-1
533,2208,-1965,77,314,-281,-10,-24,23
-2089,-1057,-1463,-299,-151,-209,21,13,14
-2695,-1802,-273,-379,-255,-43,26,21,4
-1559,3133,-815,-221,447,-114,10,-30,8
1963,-1517,1583,274,-216,228,-23,15,-13
2546,165,-1035,367,23,-144,-25,0,11
-346,-176,-2811,-42,-20,-397,0,-5,27
1166,2375,-1673,160,343,-238,-9,-25,21
-1823,-1500,1182,-260,-214,164,21,16,-15
-2618,1721,-1209,-374,245,-172,25,-14,12
-774,-2249,886,-109,-328,123,9,21,-12
-1717,2297,391,-248,330,59,17,-24,-3
1581,2816,-317,223,402,-50,-16,-30,3
-2640,49,2363,-374,4,335,26,-4,-23
-3347,-195,234,-482,-24,29,35,2,2
2383,1814,-762,338,256,-109,-23,-22,9
1637,-2771,-359,235,-395,-53,-21,27,7
-2230,1367,-1226,-323,197,-175,21,-15,12
-588,446,-2644,-79,63,-376,2,-3,25
2969,-166,162,431,-21,17,-29,0,2
-2984,-42,1373,-421,-9,201,31,1,-16
-2275,-1785,-782,-330,-259,-110,22,13,10
2836,-369,-1308,406,-52,-185,-29,3,15
1123,-375,2609,155,-50,377,-11,2,-29
662,3234,-655,89,462,-90,-2,-31,2
683,2541,-1586,103,363,-226,-4,-27,14
